0: 128 159 187 212 231 244 251 255
8: 251 244 231 212 187 159 128 97
16: 68 43 24 11 4 0 4 11
24: 24 43 68 97 128 159 187 212
32: 231 244 251 255 251 244 231 212
40: 187 159 128 97 68 43 24 11
48: 4 0 4 11 24 43 68 97
56: 128 159 187 212 231 244 251 255
64: 251 244 231 212 187 159 128 97
72: 68 43 24 11 4 0 4 11
80: 24 43 68 97 128 159 187 212
88: 231 244 251 255 251 244 231 212
96: 187 159 128 97 68 43 24 11
104: 4 0 4 11 24 43 68 97
112: 128 159 187 212 231 244 251 255
120: 251 244 231 212 187 159 128 97
128: 68 43 24 11 4 0 4 11
136: 24 43 68 97 128 159 187 212
144: 231 244 251 255 251 244 231 212
152: 187 159 128 97 68 43 24 11
160: 4 0 4 11 24 43 68 97
168: 128 159 187 212 231 244 251 255
176: 251 244 231 212 187 159 128 97
184: 68 43 24 11 4 0 4 11
192: 24 43 68 97 128 159 187 212
200: 231 244 251 255 251 244 231 212
208: 187 159 128 97 68 43 24 11
216: 4 0 4 11 24 43 68 97
224: 128 159 187 212 231 244 251 255
232: 251 244 231 212 187 159 128 97
240: 68 43 24 11 4 0 4 11
248: 24 43 68 97 128 159 187 212
256: 0 0 0 0 0 0 0 0
264: 255 255 255 255 255 255 255 255
272: 0 0 0 0 0 0 0 0
280: 255 255 255 255 255 255 255 255
288: 0 0 0 0 0 0 0 0
296: 255 255 255 255 255 255 255 255
304: 0 0 0 0 0 0 0 0
312: 255 255 255 255 255 255 255 255
320: 0 0 0 0 0 0 0 0
328: 255 255 255 255 255 255 255 255
336: 0 0 0 0 0 0 0 0
344: 255 255 255 255 255 255 255 255
352: 0 0 0 0 0 0 0 0
360: 255 255 255 255 255 255 255 255
368: 0 0 0 0 0 0 0 0
376: 255 255 255 255 255 255 255 255
384: 0 0 0 0 0 0 0 0
392: 255 255 255 255 255 255 255 255
400: 0 0 0 0 0 0 0 0
408: 255 255 255 255 255 255 255 255
416: 0 0 0 0 0 0 0 0
424: 255 255 255 255 255 255 255 255
432: 0 0 0 0 0 0 0 0
440: 255 255 255 255 255 255 255 255
448: 0 0 0 0 0 0 0 0
456: 255 255 255 255 255 255 255 255
464: 0 0 0 0 0 0 0 0
472: 255 255 255 255 255 255 255 255
480: 0 0 0 0 0 0 0 0
488: 255 255 255 255 255 255 255 255
496: 0 0 0 0 0 0 0 0
504: 255 255 255 255 255 255 255 255512
528: 0 16 32 48 64 80 96 112
536: 128 144 160 176 192 208 224 240
544: 0 16 32 48 64 80 96 112
552: 128 144 160 176 192 208 224 240
560: 0 16 32 48 64 80 96 112
568: 128 144 160 176 192 208 224 240
576: 0 16 32 48 64 80 96 112
584: 128 144 160 176 192 208 224 240
592: 0 16 32 48 64 80 96 112
600: 128 144 160 176 192 208 224 240
608: 0 16 32 48 64 80 96 112
616: 128 144 160 176 192 208 224 240
624: 0 16 32 48 64 80 96 112
632: 128 144 160 176 192 208 224 240
640: 0 16 32 48 64 80 96 112
648: 128 144 160 176 192 208 224 240
656: 0 16 32 48 64 80 96 112
664: 128 144 160 176 192 208 224 240
672: 0 16 32 48 64 80 96 112
680: 128 144 160 176 192 208 224 240
688: 0 16 32 48 64 80 96 112
696: 128 144 160 176 192 208 224 240
704: 0 16 32 48 64 80 96 112
712: 128 144 160 176 192 208 224 240
720: 0 16 32 48 64 80 96 112
728: 128 144 160 176 192 208 224 240
736: 0 16 32 48 64 80 96 112
744: 128 144 160 176 192 208 224 240
752: 0 16 32 48 64 80 96 112
760: 128 144 160 176 192 208 224 240768
784: 0 32 64 96 128 160 192 224
792: 255 224 192 160 128 96 64 32
800: 0 32 64 96 128 160 192 224
808: 255 224 192 160 128 96 64 32
816: 0 32 64 96 128 160 192 224
824: 255 224 192 160 128 96 64 32
832: 0 32 64 96 128 160 192 224
840: 255 224 192 160 128 96 64 32
848: 0 32 64 96 128 160 192 224
856: 255 224 192 160 128 96 64 32
864: 0 32 64 96 128 160 192 224
872: 255 224 192 160 128 96 64 32
880: 0 32 64 96 128 160 192 224
888: 255 224 192 160 128 96 64 32
896: 0 32 64 96 128 160 192 224
904: 255 224 192 160 128 96 64 32
912: 0 32 64 96 128 160 192 224
920: 255 224 192 160 128 96 64 32
928: 0 32 64 96 128 160 192 224
936: 255 224 192 160 128 96 64 32
944: 0 32 64 96 128 160 192 224
952: 255 224 192 160 128 96 64 32
960: 0 32 64 96 128 160 192 224
968: 255 224 192 160 128 96 64 32
976: 0 32 64 96 128 160 192 224
984: 255 224 192 160 128 96 64 32
992: 0 32 64 96 128 160 192 224
1000: 255 224 192 160 128 96 64 32
1008: 0 32 64 96 128 160 192 224
1016: 255 224 192 160 128 96 64 32