$ 1 0.000005 4.252108200006279 99 5 50 5e-11
165 -48 -336 16 -336 6 4.999999950000001
164 80 -272 192 -272 0 8 5 5 5 0 5 5 0 5 false 0
413 176 -368 480 -368 0 10 8 0 128 159 187 212 231 244 251 255 251 244 231 212 187 159 128 97 68 43 24 11 4 0 4 11 24 43 68 97 128 159 187 212 231 244 251 255 251 244 231 212 187 159 128 97 68 43 24 11 4 0 4 11 24 43 68 97 128 159 187 212 231 244 251 255 251 244 231 212 187 159 128 97 68 43 24 11 4 0 4 11 24 43 68 97 128 159 187 212 231 244 251 255 251 244 231 212 187 159 128 97 68 43 24 11 4 0 4 11 24 43 68 97 128 159 187 212 231 244 251 255 251 244 231 212 187 159 128 97 68 43 24 11 4 0 4 11 24 43 68 97 128 159 187 212 231 244 251 255 251 244 231 212 187 159 128 97 68 43 24 11 4 0 4 11 24 43 68 97 128 159 187 212 231 244 251 255 251 244 231 212 187 159 128 97 68 43 24 11 4 0 4 11 24 43 68 97 128 159 187 212 231 244 251 255 251 244 231 212 187 159 128 97 68 43 24 11 4 0 4 11 24 43 68 97 128 159 187 212 231 244 251 255 251 244 231 212 187 159 128 97 68 43 24 11 4 0 4 11 24 43 68 97 128 159 187 212 0 0 0 0 0 0 0 0 255 255 255 255 255 255 255 255 0 0 0 0 0 0 0 0 255 255 255 255 255 255 255 255 0 0 0 0 0 0 0 0 255 255 255 255 255 255 255 255 0 0 0 0 0 0 0 0 255 255 255 255 255 255 255 255 0 0 0 0 0 0 0 0 255 255 255 255 255 255 255 255 0 0 0 0 0 0 0 0 255 255 255 255 255 255 255 255 0 0 0 0 0 0 0 0 255 255 255 255 255 255 255 255 0 0 0 0 0 0 0 0 255 255 255 255 255 255 255 255 0 0 0 0 0 0 0 0 255 255 255 255 255 255 255 255 0 0 0 0 0 0 0 0 255 255 255 255 255 255 255 255 0 0 0 0 0 0 0 0 255 255 255 255 255 255 255 255 0 0 0 0 0 0 0 0 255 255 255 255 255 255 255 255 0 0 0 0 0 0 0 0 255 255 255 255 255 255 255 255 0 0 0 0 0 0 0 0 255 255 255 255 255 255 255 255 0 0 0 0 0 0 0 0 255 255 255 255 255 255 255 255 0 0 0 0 0 0 0 0 255 255 255 255 255 255 255 255512 -1 528 0 16 32 48 64 80 96 112 128 144 160 176 192 208 224 240 0 16 32 48 64 80 96 112 128 144 160 176 192 208 224 240 0 16 32 48 64 80 96 112 128 144 160 176 192 208 224 240 0 16 32 48 64 80 96 112 128 144 160 176 192 208 224 240 0 16 32 48 64 80 96 112 128 144 160 176 192 208 224 240 0 16 32 48 64 80 96 112 128 144 160 176 192 208 224 240 0 16 32 48 64 80 96 112 128 144 160 176 192 208 224 240 0 16 32 48 64 80 96 112 128 144 160 176 192 208 224 240 0 16 32 48 64 80 96 112 128 144 160 176 192 208 224 240 0 16 32 48 64 80 96 112 128 144 160 176 192 208 224 240 0 16 32 48 64 80 96 112 128 144 160 176 192 208 224 240 0 16 32 48 64 80 96 112 128 144 160 176 192 208 224 240 0 16 32 48 64 80 96 112 128 144 160 176 192 208 224 240 0 16 32 48 64 80 96 112 128 144 160 176 192 208 224 240 0 16 32 48 64 80 96 112 128 144 160 176 192 208 224 240768 -1 784 0 32 64 96 128 160 192 224 255 224 192 160 128 96 64 32 0 32 64 96 128 160 192 224 255 224 192 160 128 96 64 32 0 32 64 96 128 160 192 224 255 224 192 160 128 96 64 32 0 32 64 96 128 160 192 224 255 224 192 160 128 96 64 32 0 32 64 96 128 160 192 224 255 224 192 160 128 96 64 32 0 32 64 96 128 160 192 224 255 224 192 160 128 96 64 32 0 32 64 96 128 160 192 224 255 224 192 160 128 96 64 32 0 32 64 96 128 160 192 224 255 224 192 160 128 96 64 32 0 32 64 96 128 160 192 224 255 224 192 160 128 96 64 32 0 32 64 96 128 160 192 224 255 224 192 160 128 96 64 32 0 32 64 96 128 160 192 224 255 224 192 160 128 96 64 32 0 32 64 96 128 160 192 224 255 224 192 160 128 96 64 32 0 32 64 96 128 160 192 224 255 224 192 160 128 96 64 32 0 32 64 96 128 160 192 224 255 224 192 160 128 96 64 32 0 32 64 96 128 160 192 224 255 224 192 160 128 96 64 32 -1 -2
x -70 -454 74 -451 4 18 Temporizador\s555
x 21 37 204 40 4 18 Contador\sBinario\s8\sbits
x 204 -406 344 -403 4 18 ROM\s1024×8\sbits
166 272 -272 352 -272 0 8
x 278 -302 356 -299 4 18 DAC\s8-bit
r -48 -368 -112 -368 0 10000
174 -128 -304 -128 -224 5 10000 0.5891000000000001 Resistance
g 48 -176 48 -160 0 0
c 16 -176 16 -96 4 1.2e-8 0.15789555924170573 0.001 0
R 16 -368 16 -400 0 0 40 5 0 0 0.5
w 16 -96 -128 -96 0
w -48 -208 -64 -208 0
w -64 -208 -64 -240 0
w -48 -240 -64 -240 0
w -48 -304 -128 -304 0
w -128 -208 -128 -96 0
r -64 -208 -128 -208 0 10000
w -48 -368 16 -368 0
w -112 -368 -128 -368 0
w -128 -368 -128 -304 0
g 80 -48 80 -16 0 0
g 272 -368 272 -352 0 0
R 176 -368 176 -400 0 0 40 5 0 0 0.5
R 80 -304 80 -336 0 0 40 5 0 0 0.5
L 176 -336 128 -336 0 1 false 5 0
L 176 -304 128 -304 0 1 false 5 0
O 368 -272 416 -272 0 0
R 368 -48 368 -80 0 0 40 5 0 0 0.5
o 29 4 0 x12d30f 5 0.1 0 1
